quant_name	age_idx1	age_idx2	rg_mean	rg_se	rg_diff_1	rg_diff_1_zscore	rg_diff_p
bmi	1	2	0.9486	0.034	-0.0514	-1.51176470588235	0.0652968655303541
bmi	1	3	0.9601	0.0342	-0.0399	-1.16666666666667	0.121672504574381
bmi	1	4	0.949	0.0352	-0.0510000000000001	-1.44886363636364	0.0736878340088435
bmi	1	5	0.9627	0.035	-0.0373	-1.06571428571429	0.143276408915634
bmi	2	3	1.0086	0.0356	0.00859999999999994	0.241573033707864	0.595444490366355
bmi	2	4	1.0737	0.0342	0.0737000000000001	2.15497076023392	0.98441793880006
bmi	2	5	0.9044	0.0363	-0.0956	-2.633608815427	0.00422413799329555
bmi	3	4	1.0088	0.0382	0.00879999999999992	0.230366492146595	0.591096501812866
bmi	3	5	0.9557	0.0379	-0.0443	-1.1688654353562	0.12122892573106
bmi	4	5	1.018	0.0389	0.018	0.462724935732648	0.678219228857105
height	1	2	0.9433	0.0171	-0.0567	-3.31578947368421	0.000456923215208346
height	1	3	0.9713	0.0175	-0.0287	-1.64	0.050502583474104
height	1	4	0.9831	0.017	-0.0169	-0.994117647058825	0.160082797455054
height	1	5	0.9954	0.0162	-0.00460000000000005	-0.283950617283954	0.388224112618368
height	2	3	0.9823	0.0171	-0.0177000000000001	-1.03508771929825	0.150313973618181
height	2	4	0.9499	0.0167	-0.0501	-3	0.00134989803163008
height	2	5	0.9627	0.0169	-0.0373	-2.20710059171598	0.01365351623022
height	3	4	1.0155	0.0176	0.0155000000000001	0.880681818181822	0.810754969796843
height	3	5	0.9887	0.016	-0.0113	-0.706249999999999	0.240016340681267
height	4	5	1.0031	0.0165	0.0031000000000001	0.187878787878794	0.57451416428055
body_WHR	1	2	0.986	0.0485	-0.014	-0.288659793814433	0.386420866677101
body_WHR	1	3	1.0235	0.0504	0.0235000000000001	0.466269841269843	0.679488818404319
body_WHR	1	4	0.9676	0.0471	-0.0324	-0.687898089171974	0.245758479986524
body_WHR	1	5	0.9139	0.0507	-0.0861	-1.69822485207101	0.044732665857534
body_WHR	2	3	0.9937	0.0483	-0.00629999999999997	-0.130434782608695	0.448111224550223
body_WHR	2	4	0.99	0.0506	-0.01	-0.197628458498024	0.421667883634468
body_WHR	2	5	0.8708	0.05	-0.1292	-2.584	0.00488308971758443
body_WHR	3	4	1.0348	0.0489	0.0347999999999999	0.71165644171779	0.761661226570724
body_WHR	3	5	0.9541	0.0557	-0.0459000000000001	-0.824057450628367	0.204953457603311
body_WHR	4	5	0.9368	0.0514	-0.0632	-1.2295719844358	0.109428713195225
FEV1_FVC	1	2	0.9502	0.0495	-0.0498	-1.00606060606061	0.157193208571562
FEV1_FVC	1	3	0.9754	0.0625	-0.0246	-0.393599999999999	0.346938190611857
FEV1_FVC	1	4	1.0416	0.0684	0.0416000000000001	0.608187134502925	0.728468316755991
FEV1_FVC	1	5	0.8895	0.0709	-0.1105	-1.55853314527504	0.0595534585734548
FEV1_FVC	2	3	1.0305	0.0605	0.0305	0.504132231404958	0.692915770666098
FEV1_FVC	2	4	0.997	0.0593	-0.003	-0.0505902192242834	0.479826028387385
FEV1_FVC	2	5	0.875	0.0718	-0.125	-1.74094707520891	0.0408464279831558
FEV1_FVC	3	4	1.0625	0.0798	0.0625	0.783208020050125	0.78324751698358
FEV1_FVC	3	5	1.0311	0.0909	0.0310999999999999	0.342134213421341	0.633875054598199
FEV1_FVC	4	5	1.0397	0.0807	0.0397000000000001	0.49194547707559	0.688621056020057
cov_SMOKING_STATUS	1	2	1.1588	0.0917	0.1588	1.73173391494002	0.958339525394161
cov_SMOKING_STATUS	1	3	0.978	0.091	-0.022	-0.241758241758242	0.404483748708129
cov_SMOKING_STATUS	1	4	1.0049	0.0839	0.0048999999999999	0.0584028605482706	0.523286131862181
cov_SMOKING_STATUS	1	5	0.9755	0.0831	-0.0245	-0.294825511432009	0.384063588445823
cov_SMOKING_STATUS	2	3	1.0185	0.0902	0.0185	0.20509977827051	0.581252915167157
cov_SMOKING_STATUS	2	4	0.9778	0.0922	-0.0222	-0.240780911062907	0.404862462593536
cov_SMOKING_STATUS	2	5	1.0128	0.0948	0.0127999999999999	0.135021097046413	0.553702402979303
cov_SMOKING_STATUS	3	4	0.8849	0.0866	-0.1151	-1.32909930715935	0.0919076044216298
cov_SMOKING_STATUS	3	5	0.9883	0.0895	-0.0117	-0.130726256983241	0.447995930258243
cov_SMOKING_STATUS	4	5	0.9164	0.089	-0.0836	-0.939325842696629	0.173781737118015
biochemistry_HbA1c_corrected	1	2	1.0734	0.1132	0.0733999999999999	0.648409893992932	0.741640063630063
biochemistry_HbA1c_corrected	1	3	0.9852	0.0935	-0.0148	-0.158288770053476	0.437114628392707
biochemistry_HbA1c_corrected	1	4	0.8977	0.087	-0.1023	-1.17586206896552	0.119824999212164
biochemistry_HbA1c_corrected	1	5	0.9044	0.0874	-0.0956	-1.09382151029748	0.137016634078322
biochemistry_HbA1c_corrected	2	3	0.8259	0.0819	-0.1741	-2.12576312576313	0.0167614938940883
biochemistry_HbA1c_corrected	2	4	0.9506	0.0914	-0.0494	-0.540481400437637	0.294432542259228
biochemistry_HbA1c_corrected	2	5	1.0401	0.0915	0.0401	0.438251366120219	0.669397961667786
biochemistry_HbA1c_corrected	3	4	0.9342	0.0731	-0.0658	-0.900136798905608	0.184023727416573
biochemistry_HbA1c_corrected	3	5	0.8919	0.0678	-0.1081	-1.59439528023599	0.0554237644427837
biochemistry_HbA1c_corrected	4	5	0.9622	0.071	-0.0377999999999999	-0.532394366197182	0.297226443163134
biochemistry_LDLdirect_corrected	1	2	0.9795	0.0379	-0.0205	-0.540897097625329	0.294289255760912
biochemistry_LDLdirect_corrected	1	3	0.8618	0.0485	-0.1382	-2.84948453608247	0.0021895067214875
biochemistry_LDLdirect_corrected	1	4	0.9022	0.0424	-0.0978	-2.30660377358491	0.0105384594947858
biochemistry_LDLdirect_corrected	1	5	0.8957	0.0495	-0.1043	-2.10707070707071	0.0175557255199555
biochemistry_LDLdirect_corrected	2	3	1.0038	0.0403	0.00380000000000003	0.094292803970224	0.537561716976225
biochemistry_LDLdirect_corrected	2	4	0.8911	0.0474	-0.1089	-2.29746835443038	0.0107960331578187
biochemistry_LDLdirect_corrected	2	5	0.9908	0.0462	-0.00919999999999999	-0.199134199134199	0.42107888493629
biochemistry_LDLdirect_corrected	3	4	0.9037	0.048	-0.0963000000000001	-2.00625	0.0224147908457937
biochemistry_LDLdirect_corrected	3	5	0.9138	0.0492	-0.0862000000000001	-1.7520325203252	0.0398841080813167
biochemistry_LDLdirect_corrected	4	5	1.059	0.0529	0.0589999999999999	1.11531190926276	0.867641608131321
biochemistry_Triglycerides_corrected	1	2	1.029	0.0543	0.0289999999999999	0.534069981583792	0.703353441298266
biochemistry_Triglycerides_corrected	1	3	0.9496	0.0455	-0.0504	-1.10769230769231	0.133997361299955
biochemistry_Triglycerides_corrected	1	4	0.9255	0.05	-0.0745	-1.49	0.0681121179667254
biochemistry_Triglycerides_corrected	1	5	0.9525	0.0486	-0.0475	-0.977366255144033	0.164193931413744
biochemistry_Triglycerides_corrected	2	3	1.032	0.0482	0.032	0.66390041493776	0.746622974661738
biochemistry_Triglycerides_corrected	2	4	0.9853	0.047	-0.0147	-0.31276595744681	0.377229240355955
biochemistry_Triglycerides_corrected	2	5	0.9162	0.0448	-0.0838	-1.87053571428571	0.030704731139545
biochemistry_Triglycerides_corrected	3	4	0.9707	0.0479	-0.0293	-0.611691022964509	0.27037110119403
biochemistry_Triglycerides_corrected	3	5	0.9614	0.0464	-0.0386	-0.831896551724137	0.202733669203282
biochemistry_Triglycerides_corrected	4	5	1.0751	0.0476	0.0750999999999999	1.57773109243697	0.942686299944905
biochemistry_Glucose	1	2	0.9379	0.2015	-0.0621	-0.308188585607941	0.378969418707708
biochemistry_Glucose	1	3	0.779	0.1649	-0.221	-1.34020618556701	0.0900891605881468
biochemistry_Glucose	1	4	0.6821	0.1607	-0.3179	-1.97822028624767	0.0239519305798826
biochemistry_Glucose	1	5	0.8098	0.1893	-0.1902	-1.00475435816165	0.157507573175801
biochemistry_Glucose	2	3	0.6501	0.1629	-0.3499	-2.14794352363413	0.0158591211301129
biochemistry_Glucose	2	4	0.6859	0.1674	-0.3141	-1.87634408602151	0.0303040235237739
biochemistry_Glucose	2	5	0.8756	0.2087	-0.1244	-0.596070915189267	0.275563926581843
biochemistry_Glucose	3	4	0.9003	0.1706	-0.0997	-0.584407971864009	0.279472932307822
biochemistry_Glucose	3	5	0.8285	0.2028	-0.1715	-0.845660749506903	0.198871012655112
biochemistry_Glucose	4	5	1.0903	0.2015	0.0903	0.448138957816377	0.672973543183338
biochemistry_Cholesterol_corrected	1	2	0.9935	0.0358	-0.00649999999999995	-0.181564245810054	0.427962355055988
biochemistry_Cholesterol_corrected	1	3	0.8598	0.0443	-0.1402	-3.1647855530474	0.00077598645081938
biochemistry_Cholesterol_corrected	1	4	0.9017	0.0419	-0.0983000000000001	-2.34606205250597	0.00948647423004518
biochemistry_Cholesterol_corrected	1	5	0.9021	0.0472	-0.0979	-2.07415254237288	0.0190325730663669
biochemistry_Cholesterol_corrected	2	3	0.9869	0.0403	-0.0131	-0.325062034739454	0.372567060907696
biochemistry_Cholesterol_corrected	2	4	0.8845	0.0438	-0.1155	-2.63698630136986	0.00418231046938542
biochemistry_Cholesterol_corrected	2	5	0.9474	0.0481	-0.0526	-1.09355509355509	0.137075076744012
biochemistry_Cholesterol_corrected	3	4	0.9156	0.0459	-0.0844	-1.83877995642702	0.0329737787472603
biochemistry_Cholesterol_corrected	3	5	0.9015	0.0464	-0.0985	-2.12284482758621	0.0168834285056021
biochemistry_Cholesterol_corrected	4	5	1.0219	0.05	0.0219	0.438000000000001	0.669306858285549
blood_RBC_DISTRIB_WIDTH	1	2	1.0228	0.0789	0.0227999999999999	0.288973384030417	0.613699127238837
blood_RBC_DISTRIB_WIDTH	1	3	0.9483	0.0718	-0.0517	-0.720055710306406	0.235745347635172
blood_RBC_DISTRIB_WIDTH	1	4	0.842	0.0662	-0.158	-2.38670694864048	0.00850001816767074
blood_RBC_DISTRIB_WIDTH	1	5	0.9457	0.0734	-0.0543	-0.739782016348774	0.22971613640233
blood_RBC_DISTRIB_WIDTH	2	3	1.0571	0.0705	0.0570999999999999	0.809929078014184	0.791009530770162
blood_RBC_DISTRIB_WIDTH	2	4	0.9067	0.0663	-0.0933000000000001	-1.40723981900453	0.0796781439402766
blood_RBC_DISTRIB_WIDTH	2	5	0.9902	0.0699	-0.00980000000000003	-0.140200286123033	0.444250872922355
blood_RBC_DISTRIB_WIDTH	3	4	1.0011	0.0587	0.0011000000000001	0.0187393526405469	0.507475482553872
blood_RBC_DISTRIB_WIDTH	3	5	1.1092	0.0724	0.1092	1.50828729281768	0.93425949298175
blood_RBC_DISTRIB_WIDTH	4	5	0.9921	0.061	-0.00790000000000002	-0.129508196721312	0.448477769763926
blood_MEAN_CORPUSCULAR_HEMOGLOBIN	1	2	0.9855	0.0429	-0.0145	-0.337995337995337	0.367683350498615
blood_MEAN_CORPUSCULAR_HEMOGLOBIN	1	3	0.9012	0.0396	-0.0988	-2.4949494949495	0.00629875295677595
blood_MEAN_CORPUSCULAR_HEMOGLOBIN	1	4	0.9512	0.0432	-0.0488	-1.12962962962963	0.129316160255193
blood_MEAN_CORPUSCULAR_HEMOGLOBIN	1	5	0.9577	0.043	-0.0423	-0.983720930232558	0.162626372919382
blood_MEAN_CORPUSCULAR_HEMOGLOBIN	2	3	0.9634	0.0398	-0.0366	-0.919597989949748	0.178891438757463
blood_MEAN_CORPUSCULAR_HEMOGLOBIN	2	4	0.9976	0.0453	-0.00239999999999996	-0.0529801324503302	0.478873868743012
blood_MEAN_CORPUSCULAR_HEMOGLOBIN	2	5	1.0079	0.0447	0.00790000000000002	0.176733780760627	0.570141247341435
blood_MEAN_CORPUSCULAR_HEMOGLOBIN	3	4	1.0282	0.0423	0.0282	0.666666666666667	0.747507462453077
blood_MEAN_CORPUSCULAR_HEMOGLOBIN	3	5	0.9591	0.0457	-0.0409000000000001	-0.89496717724289	0.185402317049111
blood_MEAN_CORPUSCULAR_HEMOGLOBIN	4	5	1.0161	0.0454	0.0161	0.354625550660793	0.638564933992308
blood_EOSINOPHIL_COUNT	1	2	1.0007	0.0575	0.000699999999999923	0.0121739130434769	0.504856568670065
blood_EOSINOPHIL_COUNT	1	3	0.8299	0.0545	-0.1701	-3.12110091743119	0.00090088138713899
blood_EOSINOPHIL_COUNT	1	4	0.9668	0.0563	-0.0332	-0.589698046181172	0.277696552674382
blood_EOSINOPHIL_COUNT	1	5	0.9597	0.055	-0.0403	-0.732727272727273	0.231862393222731
blood_EOSINOPHIL_COUNT	2	3	0.9041	0.0625	-0.0959	-1.5344	0.0624656388084646
blood_EOSINOPHIL_COUNT	2	4	1.0363	0.0561	0.0363	0.647058823529412	0.741203063271304
blood_EOSINOPHIL_COUNT	2	5	0.9901	0.0555	-0.00990000000000002	-0.178378378378379	0.429212914269367
blood_EOSINOPHIL_COUNT	3	4	1.0294	0.0597	0.0294000000000001	0.492462311557791	0.688803720640148
blood_EOSINOPHIL_COUNT	3	5	0.9769	0.0654	-0.0231	-0.353211009174312	0.361965127508555
blood_EOSINOPHIL_COUNT	4	5	1.012	0.0541	0.012	0.22181146025878	0.587769671158629
Systolic_bp_corrected	1	2	0.9131	0.0448	-0.0869	-1.93973214285714	0.0262061255544855
Systolic_bp_corrected	1	3	0.9748	0.0445	-0.0252	-0.566292134831461	0.285597603101491
Systolic_bp_corrected	1	4	0.9296	0.0458	-0.0704	-1.53711790393013	0.0621322196762059
Systolic_bp_corrected	1	5	0.8302	0.0443	-0.1698	-3.83295711060948	6.33060173499353e-05
Systolic_bp_corrected	2	3	1.053	0.0472	0.0529999999999999	1.1228813559322	0.869256056615279
Systolic_bp_corrected	2	4	0.9782	0.0438	-0.0218	-0.49771689497717	0.309341799108767
Systolic_bp_corrected	2	5	0.9033	0.0433	-0.0967	-2.23325635103926	0.012766022082793
Systolic_bp_corrected	3	4	1.0258	0.0476	0.0258	0.54201680672269	0.706096536025464
Systolic_bp_corrected	3	5	1.0627	0.0474	0.0627	1.32278481012658	0.90704652496535
Systolic_bp_corrected	4	5	0.9764	0.0513	-0.0236	-0.460038986354775	0.322744118551602
Diastolic_bp_corrected	1	2	0.9319	0.0411	-0.0681000000000001	-1.65693430656934	0.0487663787311113
Diastolic_bp_corrected	1	3	0.9562	0.0423	-0.0438	-1.0354609929078	0.150226837048055
Diastolic_bp_corrected	1	4	0.916	0.0434	-0.084	-1.93548387096774	0.026465473014935
Diastolic_bp_corrected	1	5	0.7634	0.042	-0.2366	-5.63333333333333	8.83796687136768e-09
Diastolic_bp_corrected	2	3	0.9819	0.04	-0.0181	-0.4525	0.325454410620818
Diastolic_bp_corrected	2	4	0.9711	0.045	-0.0289	-0.642222222222223	0.260364453135113
Diastolic_bp_corrected	2	5	0.847	0.0409	-0.153	-3.74083129584352	9.17063035760723e-05
Diastolic_bp_corrected	3	4	1.0157	0.049	0.0157	0.320408163265307	0.625670530953399
Diastolic_bp_corrected	3	5	0.9948	0.0499	-0.00519999999999998	-0.104208416833667	0.458501977337032
Diastolic_bp_corrected	4	5	0.9664	0.0483	-0.0336	-0.695652173913043	0.243323341783012
blood_HIGH_LIGHT_SCATTER_RETICULOCYTE_COUNT	1	2	1.0892	0.0544	0.0892	1.63970588235294	0.949466832358005
blood_HIGH_LIGHT_SCATTER_RETICULOCYTE_COUNT	1	3	1.2055	0.0608	0.2055	3.37993421052632	0.999637484087314
blood_HIGH_LIGHT_SCATTER_RETICULOCYTE_COUNT	1	4	1.0341	0.0466	0.0341	0.731759656652361	0.767842361460012
blood_HIGH_LIGHT_SCATTER_RETICULOCYTE_COUNT	1	5	1.0549	0.0504	0.0549	1.08928571428571	0.861986044746053
blood_HIGH_LIGHT_SCATTER_RETICULOCYTE_COUNT	2	3	1.0952	0.0575	0.0952	1.65565217391304	0.951103861080064
blood_HIGH_LIGHT_SCATTER_RETICULOCYTE_COUNT	2	4	0.9919	0.0478	-0.0081	-0.169456066945607	0.432718963023209
blood_HIGH_LIGHT_SCATTER_RETICULOCYTE_COUNT	2	5	0.9834	0.0491	-0.0165999999999999	-0.338085539714867	0.367649363628133
blood_HIGH_LIGHT_SCATTER_RETICULOCYTE_COUNT	3	4	1.0672	0.0571	0.0671999999999999	1.1768826619965	0.880378828411085
blood_HIGH_LIGHT_SCATTER_RETICULOCYTE_COUNT	3	5	1.0388	0.0569	0.0387999999999999	0.68189806678383	0.752348296039095
blood_HIGH_LIGHT_SCATTER_RETICULOCYTE_COUNT	4	5	0.9643	0.0475	-0.0357	-0.75157894736842	0.226152153841431
